0	0	0	0	0	0	0	0	0	0
0	0	0	0	0	0	0	0	0	0
1.55945	-0.138501	2.11162e-09	-1.87543e-10	1.55945	-0.138501	2.09897	0.0522228	2.19595	0.109339
1.55945	-0.138501	2.29669	-0.20398	1.81209	0.0474826	2.09897	0.0522228	2.19595	0.109339
3.89077	-0.134152	2.34672	0.00298243	3.89093	-0.134166	4.29136	0.215312	2.28434	0.226323
3.95544	0.201844	2.43394	0.145494	4.19528	0.218461	4.29136	0.215312	2.28434	0.226323
6.85903	0.416567	3.34743	0.239543	6.86352	0.416817	6.56942	0.496096	2.36382	0.348847
6.69317	0.436745	2.65352	0.0195867	6.43926	0.472879	6.56942	0.496096	2.36382	0.348847
9.07987	0.592365	2.13643	0.238722	9.07733	0.593211	8.92437	0.89924	2.43359	0.474526
9.09235	0.667512	2.37619	0.381965	8.89749	0.886982	8.92437	0.89924	2.43359	0.474526
11.5744	1.66259	2.59355	1.41776	11.5756	1.6669	11.3468	1.427	2.49328	0.600781
11.5314	1.61298	2.43181	1.30012	11.4447	1.42958	11.3468	1.427	2.49328	0.600781
13.5958	2.31642	1.69448	0.257978	13.5921	2.31191	13.827	2.07905	2.5429	0.724947
13.6911	2.29367	2.30661	0.217795	13.6572	1.99915	13.827	2.07905	2.5429	0.724947
16.6393	2.8999	3.56734	0.910082	16.6456	2.903	16.3554	2.85243	2.58284	0.844365
16.4833	2.85829	2.87565	0.757721	16.282	2.84648	16.3554	2.85243	2.58284	0.844365
19.0138	3.70505	2.21063	0.894275	19.0106	3.70555	18.923	3.74161	2.61382	0.95648
19.0871	3.72572	2.36018	0.934224	19.363	3.87122	18.923	3.74161	2.61382	0.95648
21.3323	4.73159	2.14149	1.0507	21.3312	4.73205	21.5215	4.73855	2.63679	1.05891
21.4244	4.76385	2.50021	1.13935	21.6213	4.74762	21.5215	4.73855	2.63679	1.05891
24.0775	5.57201	2.77521	0.580723	24.0787	5.56967	24.1437	5.83295	2.65286	1.14953
24.1856	5.60606	3.00327	0.647203	24.5601	5.92334	24.1437	5.83295	2.65286	1.14953
26.6103	6.9562	1.92172	1.818	26.6052	6.96102	26.7833	7.01246	2.6632	1.22647
26.6485	7.0213	2.28695	2.0462	26.5419	6.90075	26.7833	7.01246	2.6632	1.22647
29.5811	8.09467	3.45154	0.414015	29.5864	8.08789	29.4352	8.26299	2.66893	1.28822
29.5234	8.09712	3.11765	0.422364	29.4716	8.24519	29.4352	8.26299	2.66893	1.28822
31.9474	9.87059	1.85045	2.70652	31.9416	9.88017	32.0955	9.56901	2.67105	1.33358
31.9174	9.89229	1.90882	2.81625	31.7928	9.49891	32.0955	9.56901	2.67105	1.33358
34.61	10.7134	3.23974	-0.618058	34.6157	10.6988	34.7608	10.9139	2.67035	1.3617
34.6946	10.7521	3.34045	-0.538393	35.0599	10.9953	34.7608	10.9139	2.67035	1.3617
37.1479	12.0747	1.70579	2.66166	37.1404	12.0883	37.4287	12.2803	2.66736	1.37209
37.242	12.1519	2.04584	2.92885	37.4973	12.2943	37.4287	12.2803	2.66736	1.37209
40.3202	13.4785	3.8846	0.166362	40.3285	13.4666	40.0971	13.6505	2.66232	1.36459
40.1858	13.4785	3.25911	0.170706	39.9009	13.6243	40.0971	13.6505	2.66232	1.36459
42.7721	14.8207	2.01867	2.18363	42.7664	14.8294	42.7638	15.0065	2.65515	1.33938
42.7781	14.8717	2.23847	2.43377	42.5714	14.9817	42.7638	15.0065	2.65515	1.33938
45.3547	16.5579	2.82262	1.14187	45.3572	16.5524	45.4265	16.3307	2.64546	1.29701
45.3984	16.5719	2.87052	1.16875	45.649	16.5213	45.4265	16.3307	2.64546	1.29701
48.1555	17.287	2.61797	0.368991	48.1541	17.2835	48.0823	17.6063	2.6326	1.23832
48.1559	17.2818	2.71822	0.388146	47.9331	17.5349	48.0823	17.6063	2.6326	1.23832
50.6242	19.0619	2.33562	2.77125	50.6228	19.0721	50.7276	18.8172	2.61569	1.16454
50.5874	19.0224	2.18557	2.64863	50.5737	18.7834	50.7276	18.8172	2.61569	1.16454
53.7197	19.9109	3.81828	-0.357015	53.7268	19.8982	53.3577	19.9486	2.59372	1.07716
53.6111	19.9328	3.27431	-0.318458	53.5277	19.862	53.3577	19.9486	2.59372	1.07716
56.0393	21.0816	1.72274	2.1931	56.0322	21.0923	55.9669	20.9874	2.56561	0.978022
56.0228	21.1066	1.83713	2.36559	55.867	20.985	55.9669	20.9874	2.56561	0.978022
58.6572	21.7946	3.21263	-0.537923	58.6632	21.7821	58.5484	21.9225	2.53033	0.869205
58.6553	21.7954	3.20822	-0.536679	58.5799	21.9815	58.5484	21.9225	2.53033	0.869205
60.8806	22.7766	1.3921	2.06581	60.8722	22.7876	61.0941	22.7449	2.48697	0.753031
60.8897	22.8398	1.6882	2.42199	60.7648	22.6398	61.0941	22.7449	2.48697	0.753031
63.3762	23.4207	3.05445	-0.775371	63.3821	23.4069	63.5955	23.4479	2.43482	0.631987
63.4317	23.4695	3.03421	-0.683357	63.7478	23.7442	63.5955	23.4479	2.43482	0.631987
66.3409	23.9867	2.84926	1.40608	66.3403	23.9959	66.0431	24.0276	2.37349	0.508655
66.1948	23.9178	2.22379	0.986929	65.8838	23.9541	66.0431	24.0276	2.37349	0.508655
68.2639	24.3624	1.88603	0.0252505	68.262	24.3582	68.4273	24.4824	2.30293	0.385623
68.4137	24.3926	2.43225	0.144387	68.6759	24.6059	68.4273	24.4824	2.30293	0.385623
70.8274	24.8818	2.41991	0.739186	70.8275	24.8844	70.7384	24.8137	2.22347	0.265395
70.7711	24.8635	2.19217	0.635001	70.7403	24.6728	70.7384	24.8137	2.22347	0.265395
72.8935	24.7194	1.99874	-0.714119	72.8923	24.7135	72.9675	25.025	2.13584	0.150292
72.9839	24.7221	2.3091	-0.655934	73.0732	25.0343	72.9675	25.025	2.13584	0.150292
75.0041	25.251	1.81972	1.35725	75.0021	25.2595	75.1062	25.1224	2.04114	0.0423626
74.9828	25.2379	1.72772	1.29374	74.9748	25.1377	75.1062	25.1224	2.04114	0.0423626
77.1199	24.9413	2.38318	-1.43512	77.1225	24.9297	77.1475	25.1137	1.9408	-0.0566978
77.1138	24.9713	2.26807	-1.38923	77.1386	25.2948	77.1475	25.1137	1.9408	-0.0566978
79.1108	25.0263	1.8061	1.0912	79.1089	25.0369	79.0861	25.0086	1.83649	-0.145607
79.0926	25.0106	1.6167	0.939254	79.1718	24.9698	79.0861	25.0086	1.83649	-0.145607
80.8072	24.8769	1.72764	-0.923065	80.8074	24.8688	80.9183	24.8178	1.73008	-0.223536
80.8651	24.8963	1.83011	-0.886118	81.1423	24.8704	80.9183	24.8178	1.73008	-0.223536
82.622	24.6347	1.71776	0.185973	82.6216	24.6393	82.6423	24.5525	1.6235	-0.29012
82.5852	24.63	1.53352	0.0948662	82.5085	24.8114	82.6423	24.5525	1.6235	-0.29012
84.1729	24.5517	1.6277	-0.19992	84.1733	24.5504	84.2584	24.2245	1.51869	-0.345444
84.1794	24.5541	1.62729	-0.200716	84.2898	24.3312	84.2584	24.2245	1.51869	-0.345444
85.6396	23.812	1.27314	-1.13544	85.6378	23.808	85.7688	23.8451	1.41749	-0.390006
85.7267	23.8134	1.53919	-1.08083	85.9743	23.7547	85.7688	23.8451	1.41749	-0.390006
86.9476	23.5215	0.957774	0.250451	86.9449	23.527	87.1776	23.4252	1.32159	-0.424654
87.0601	23.5516	1.12459	0.267704	87.6171	23.5127	87.1776	23.4252	1.32159	-0.424654
88.8173	22.7941	2.28292	-1.45193	88.8227	22.7869	88.4904	22.9745	1.23248	-0.450514
88.6861	22.8265	1.81458	-1.45176	88.4191	22.9498	88.4904	22.9745	1.23248	-0.450514
89.5057	22.3018	-0.0756543	0.107982	89.4967	22.3082	89.7145	22.5017	1.15138	-0.468904
89.6354	22.3393	0.551391	0.449997	89.7821	22.4826	89.7145	22.5017	1.15138	-0.468904
90.5108	21.6757	1.1136	-1.44807	90.5133	21.6677	90.858	22.0141	1.07929	-0.481241
90.6026	21.6889	1.33091	-1.41354	90.8419	22.0974	90.858	22.0141	1.07929	-0.481241
91.7196	21.1092	0.942647	0.00685535	91.7178	21.1152	91.9302	21.5174	1.01698	-0.488964
91.7796	21.127	0.960729	-0.0278504	92.0492	21.5289	91.9302	21.5174	1.01698	-0.488964
92.8588	20.9547	1.18318	-0.269859	92.8599	20.9537	92.9411	21.016	0.964993	-0.493443
92.9054	20.9802	1.09106	-0.280019	93.3186	21.0712	92.9411	21.016	0.964993	-0.493443
93.472	20.2192	0.0524712	-1.12204	93.4668	20.2155	93.9011	20.513	0.92369	-0.495919
93.6372	20.1894	0.759459	-1.01652	93.7423	20.5071	93.9011	20.513	0.92369	-0.495919
95.314	19.6547	2.55434	-0.1725	95.3229	19.6585	94.8209	20.01	0.893308	-0.497439
95.0041	19.6617	1.2648	-0.553931	94.494	19.8854	94.8209	20.01	0.893308	-0.497439
95.5109	19.6945	-0.183676	0.417275	95.5039	19.6984	95.7116	19.5078	0.87398	-0.498816
95.6091	19.7402	0.400473	0.686231	95.6097	19.5804	95.7116	19.5078	0.87398	-0.498816
96.2623	19.1687	0.818861	-1.44865	96.2641	19.1597	96.5842	19.0065	0.865773	-0.500589
96.3218	19.1675	0.988097	-1.44617	96.559	18.8688	96.5842	19.0065	0.865773	-0.500589
97.5263	18.7197	1.43092	0.260593	97.5286	18.727	97.45	18.506	0.868716	-0.503009
97.4514	18.7052	0.999191	0.0614368	97.5333	18.1735	97.45	18.506	0.868716	-0.503009
98.2129	18.3768	0.520725	-0.615455	98.2105	18.3739	98.3198	18.0049	0.882805	-0.506023
98.2766	18.3742	0.776526	-0.592573	98.4162	18.1556	98.3198	18.0049	0.882805	-0.506023
99.0366	17.36	0.730116	-1.31052	99.0363	17.357	99.2049	17.503	0.908006	-0.509278
99.0731	17.3257	0.992144	-1.29318	98.9782	17.2949	99.2049	17.503	0.908006	-0.509278
99.9973	16.9814	0.879181	0.315704	99.9969	16.9882	100.117	17.0001	0.944242	-0.512134
100.056	16.9887	0.864573	0.251857	100.441	16.9521	100.117	17.0001	0.944242	-0.512134
101.201	16.5418	1.37923	-0.929274	101.204	16.5368	101.065	16.497	0.991362	-0.513687
101.156	16.5579	1.15032	-0.916483	101.169	16.4353	101.065	16.497	0.991362	-0.513687
102.386	16.3938	1.32028	0.364587	102.387	16.3992	102.063	15.9949	1.04911	-0.512803
102.283	16.3737	0.991194	0.262275	102.081	15.8359	102.063	15.9949	1.04911	-0.512803
103.006	15.3623	0.419619	-1.92137	103.003	15.353	103.119	15.4967	1.11708	-0.508169
103.057	15.2589	0.901015	-2.07193	102.776	15.1195	103.119	15.4967	1.11708	-0.508169
104.113	15.2559	1.21641	1.45754	104.114	15.2708	104.244	15.0064	1.19469	-0.498349
104.047	15.2349	1.02004	1.38003	103.905	14.7607	104.244	15.0064	1.19469	-0.498349
105.537	14.4571	1.82334	-2.33128	105.541	14.4412	105.447	14.5293	1.28111	-0.481861
105.462	14.4731	1.59039	-2.28823	105.316	14.0026	105.447	14.5293	1.28111	-0.481861
106.833	14.0343	1.1679	0.922671	106.831	14.0482	106.737	14.0724	1.37529	-0.457255
106.78	14.0379	1.19591	0.999265	106.439	14.2401	106.737	14.0724	1.37529	-0.457255
108.083	13.6707	1.34979	-1.37178	108.084	13.6604	108.122	13.644	1.47592	-0.423202
108.124	13.6483	1.56498	-1.42686	108.131	13.6844	108.122	13.644	1.47592	-0.423202
109.536	13.5614	1.27519	0.88273	109.534	13.5714	109.606	13.2536	1.58144	-0.378583
109.511	13.564	1.29945	0.92569	109.388	13.1556	109.606	13.2536	1.58144	-0.378583
111.061	12.5954	1.71454	-2.33334	111.063	12.5814	111.196	12.9118	1.69008	-0.322574
111.144	12.6012	1.88704	-2.32185	111.426	12.9557	111.196	12.9118	1.69008	-0.322574
112.914	12.4715	1.6518	1.46744	112.913	12.4877	112.893	12.6299	1.7999	-0.254723
112.897	12.4689	1.60884	1.45753	112.797	12.8241	112.893	12.6299	1.7999	-0.254723
114.799	12.5608	2.12038	-0.908222	114.801	12.5506	114.699	12.4195	1.90891	-0.175007
114.792	12.5761	1.98635	-0.853382	114.916	12.3187	114.699	12.4195	1.90891	-0.175007
116.688	12.1007	1.81289	-0.201216	116.687	12.1035	116.611	12.2921	2.01507	-0.0838683
116.75	12.1003	2.05974	-0.147447	116.871	12.0659	116.611	12.2921	2.01507	-0.0838683
118.951	12.0006	2.33632	-0.0639475	118.953	12.0009	118.628	12.2586	2.11648	0.0177712
118.92	12.0019	2.18963	-0.0833762	118.85	12.4063	118.628	12.2586	2.11648	0.0177712
120.699	12.2892	1.39777	0.539713	120.695	12.2918	120.743	12.3289	2.21139	0.128528
120.809	12.3174	1.91235	0.655918	120.934	12.1905	120.743	12.3289	2.21139	0.128528
123.56	12.8305	3.53709	0.440871	123.568	12.8297	122.95	12.5114	2.29835	0.246599
123.357	12.8032	2.59442	0.402854	123.142	12.7694	122.95	12.5114	2.29835	0.246599
124.904	12.7776	0.544735	-0.354072	124.894	12.7743	125.242	12.8125	2.37624	0.369827
125.211	12.7555	2.05124	-0.323602	125.376	12.9964	125.242	12.8125	2.37624	0.369827
127.847	13.3208	3.20617	1.19199	127.853	13.3273	127.609	13.2365	2.44434	0.495787
127.714	13.2699	2.64756	1.02578	127.506	13.153	127.609	13.2365	2.44434	0.495787
129.951	13.7007	1.83074	-0.0042841	129.947	13.6963	130.042	13.7853	2.50232	0.621879
130.074	13.7083	2.2913	-0.0212164	130.334	13.781	130.042	13.7853	2.50232	0.621879
132.094	14.5012	1.78281	1.35533	132.092	14.507	132.53	14.458	2.55028	0.74543
132.212	14.5556	2.25881	1.49788	132.447	14.3423	132.53	14.458	2.55028	0.74543
135.068	15.0545	3.37152	-0.178662	135.074	15.0475	135.066	15.2513	2.58865	0.863795
134.991	15.0723	2.81781	-0.0653143	135.127	14.6575	135.066	15.2513	2.58865	0.863795
137.563	16.2061	2.36244	1.97299	137.561	16.2147	137.639	16.1592	2.61821	0.974442
137.608	16.2371	2.55495	2.061	137.653	16.5145	137.639	16.1592	2.61821	0.974442
140.33	17.0173	2.81697	-0.133826	140.331	17.008	140.242	17.1733	2.63994	1.07503
140.345	17.0178	2.88378	-0.142257	140.305	17.5379	140.242	17.1733	2.63994	1.07503
142.891	17.9838	2.2518	1.74825	142.888	17.9918	142.868	18.2829	2.65497	1.16346
142.883	18.0256	2.43783	1.88079	142.626	18.1458	142.868	18.2829	2.65497	1.16346
145.392	19.1671	2.53854	0.612036	145.392	19.1617	145.51	19.4754	2.66445	1.23795
145.489	19.1829	2.80819	0.626414	145.789	19.3785	145.51	19.4754	2.66445	1.23795
148.251	20.4706	2.7433	1.75508	148.251	20.4754	148.163	20.7364	2.66951	1.29702
148.227	20.4514	2.61375	1.7177	148.146	20.9376	148.163	20.7364	2.66951	1.29702
150.687	22.1147	2.31501	1.61541	150.686	22.1142	150.825	22.0502	2.67111	1.33953
150.71	22.1545	2.59922	1.63587	150.649	21.8148	150.825	22.0502	2.67111	1.33953
153.421	23.493	2.79857	1.13437	153.422	23.4909	153.491	23.3999	2.66999	1.3647
153.401	23.4835	2.69381	1.13109	153.466	22.9115	153.491	23.3999	2.66999	1.3647
156.047	24.8071	2.61008	1.45654	156.047	24.8084	156.159	24.7682	2.66666	1.37208
156.033	24.7938	2.50273	1.4391	156.009	25.0678	156.159	24.7682	2.66666	1.37208
158.902	26.032	3.19763	1.11886	158.905	26.0308	158.827	26.1372	2.66127	1.36157
158.892	26.0152	2.97914	1.11892	159.014	26.1903	158.827	26.1372	2.66127	1.36157
161.416	27.4237	2.11254	1.58705	161.412	27.4256	161.493	27.4891	2.65371	1.33344
161.477	27.4581	2.3712	1.64538	161.529	27.8454	161.493	27.4891	2.65371	1.33344
163.627	28.7708	1.92687	1.06239	163.625	28.7683	164.155	28.8064	2.64354	1.28825
163.785	28.8228	2.49757	1.11819	164.116	29.315	164.155	28.8064	2.64354	1.28825
166.823	30.204	3.55519	1.5998	166.828	30.2062	166.809	30.0721	2.63006	1.22694
166.707	30.123	2.86945	1.48137	166.748	29.7121	166.809	30.0721	2.63006	1.22694
169.102	31.3737	1.94017	1.05665	169.097	31.3717	169.452	31.2706	2.61238	1.15075
169.185	31.4186	2.43225	1.10311	169.345	30.7063	169.452	31.2706	2.61238	1.15075
172.17	32.3414	3.49058	0.829829	172.175	32.3404	172.079	32.3873	2.58945	1.06126
172.093	32.317	2.93395	0.803699	172.135	32.6666	172.079	32.3873	2.58945	1.06126
174.646	33.4603	2.21349	1.36189	174.643	33.4625	174.685	33.4095	2.56021	0.960341
174.651	33.4757	2.32649	1.40234	174.474	33.9157	174.685	33.4095	2.56021	0.960341
177.03	34.2058	2.38793	0.256974	177.03	34.2009	177.261	34.3262	2.52363	0.850119
177.06	34.2102	2.48566	0.262699	177.211	33.8467	177.261	34.3262	2.52363	0.850119
180.139	35.1372	3.66753	1.42094	180.145	35.1423	179.799	35.1289	2.47883	0.732949
179.923	35.0373	2.69014	1.09138	179.543	35.4767	179.799	35.1289	2.47883	0.732949
182.6	35.7557	2.64339	0.45301	182.599	35.753	182.292	35.8114	2.42515	0.611338
182.506	35.7381	2.42575	0.418262	182.047	36.2626	182.292	35.8114	2.42515	0.611338
184.734	36.513	2.05893	1.01638	184.732	36.5155	184.73	36.37	2.36226	0.487877
184.736	36.5122	2.0521	1.01241	184.833	36.1451	184.73	36.37	2.36226	0.487877
186.945	36.9446	2.32179	0.0313532	186.946	36.9404	187.103	36.804	2.29017	0.365145
187.011	36.9577	2.44721	0.057831	187.296	36.9375	187.103	36.804	2.29017	0.365145
189.465	37.4024	2.4761	0.716382	189.465	37.4052	189.401	37.1147	2.20928	0.245623
189.456	37.3937	2.25928	0.631477	189.738	36.951	189.401	37.1147	2.20928	0.245623
191.735	37.5664	2.27439	-0.149634	191.735	37.5631	191.615	37.3064	2.12037	0.131591
191.703	37.5617	2.1894	-0.161766	191.682	37.1147	191.615	37.3064	2.12037	0.131591
193.475	37.2799	1.37493	-0.380783	193.471	37.2789	193.738	37.3853	2.02462	0.0250452
193.569	37.269	1.85693	-0.277016	193.555	37.4234	193.738	37.3853	2.02462	0.0250452
195.986	37.396	2.95848	0.426648	195.991	37.3991	195.762	37.3598	1.92349	-0.072386
195.785	37.3685	2.07663	0.162809	195.507	37.4891	195.762	37.3598	1.92349	-0.072386
197.726	37.7272	1.82263	0.490067	197.725	37.7285	197.683	37.2395	1.81869	-0.159495
197.691	37.7211	1.79096	0.487187	197.582	37.303	197.683	37.2395	1.81869	-0.159495
199.296	37.2928	1.38601	-1.07942	199.294	37.2862	199.497	37.0353	1.71212	-0.235529
199.355	37.2701	1.67146	-1.09413	199.356	37.3527	199.497	37.0353	1.71212	-0.235529
201.544	36.9913	2.69557	0.300866	201.549	36.9973	201.203	36.7587	1.6057	-0.300201
201.339	36.9683	1.8043	-0.0266616	200.932	37.4694	201.203	36.7587	1.6057	-0.300201
202.964	36.4604	1.43713	-0.853093	202.962	36.4568	202.801	36.4212	1.50137	-0.353671
202.938	36.4516	1.41474	-0.862015	202.65	37.2445	202.801	36.4212	1.50137	-0.353671
203.994	36.1925	0.733336	0.154103	203.991	36.1967	204.294	36.0343	1.40095	-0.396497
204.04	36.2011	1.189	0.367159	203.809	36.2941	204.294	36.0343	1.40095	-0.396497
